1 = (5.725447619522358, 4.648631243925209)
2 = (5.4, 4.74)
3 = (5.74, 4.2)
4 = (5.06, 3.82)
5 = (4.667248546066526, 4.4065851058062036)
6 = (4.792526901079642, 3.757415448010971)
7 = (4.781137959714813, 3.2904688520529968)
8 = (5.22530667294313, 3.4840808552550837)
9 = (5.669475386171447, 3.791582272105457)
10 = (6.12, 3.5)
11 = (6.045310451210793, 2.7893554320005367)
12 = (6.40975657488531, 3.153801555675053)
13 = (6.54, 3.42)
14 = (7.2, 2.46)
15 = (6.92, 3.66)
16 = (7.8, 3.3)
17 = (8.18, 3.52)
18 = (7, 4)
19 = (7.7, 4.28)
20 = (7.04, 4.48)
21 = (7.38, 4.88)
22 = (6.64, 4.64)
23 = (6.64, 5.1)
24 = (7.2, 5.38)
25 = (6.86, 5.62)
26 = (6.086441263798968, 4.655573429392066)















